No    Ref    V       B-V     U-B

 0001   537  19.381   1.464         
 0002   537  19.619   1.320         
 0003   537  14.175   0.723         
 0004   537  15.489   1.097         
 0005   537  19.223   1.486         
 0006   537  13.564   0.621         
 0007   537  17.790   1.725         
 0008   537  14.122   0.957         
 0009   537  19.304   1.499         
 0010   537  15.335   0.862         
 0011   537  14.622   0.731         
 0012   537  17.903   1.480         
 0013   537  14.417   1.076         
 0014   537  19.609   1.444         
 0015   537  14.077   1.398         
 0016   537  14.860   0.775         
 0017   537  19.723   1.640         
 0018   537  14.371   0.797         
 0019   537  15.066   0.820         
 0020   537  14.070   1.444         
 0021   537  18.101   1.377         
 0022   537  15.555   1.061         
 0023   537  19.356   1.598         
 0024   537  15.613   0.930         
 0025   537  13.726   1.632         
 0026   537  14.031   0.788         
 0027   537  18.593   1.417         
 0028   537  13.328   0.698         
 0029   537  14.386   0.885         
 0030   537  18.456   1.440         
 0031   537  17.994   1.332         
 0032   537  14.701   0.979         
 0033   537  14.833   0.764         
 0034   537  19.009   1.602         
 0035   537  18.865   1.357         
 0036   537  19.464   1.382         
 0037   537  17.484   1.214         
 0038   537  17.890   1.409         
 0039   537  18.366   1.027         
 0040   537  17.840   1.409         
 0041   537  17.801   1.363         
 0042   537  19.662   1.288         
 0043   537  18.384   1.297         
 0044   537  17.389   1.235         
 0045   537  14.095   0.677         
 0046   537  16.475   1.092         
 0047   537  19.462   1.364         
 0048   537  16.589   1.121         
 0049   537  17.328   1.185         
 0050   537  15.326   0.849         
 0051   537  19.755   1.393         
 0052   537  17.788   1.609         
 0053   537  19.158   1.356         
 0054   537  17.927   1.281         
 0055   537  18.913   1.145         
 0056   537  18.662   1.407         
 0057   537  18.149   1.338         
 0058   537  17.617   1.240         
 0059   537  18.458   1.362         
 0060   537  18.477   1.138         
 0061   537  19.221   1.525         
 0062   537  15.373   0.838         
 0063   537  19.100   1.524         
 0064   537  18.692   1.251         
 0065   537  18.609   1.906         
 0066   537  17.087   1.211         
 0067   537  19.413   1.261         
 0068   537  19.195   1.350         
 0069   537  19.084   1.405         
 0070   537  18.761   1.070         
 0071   537  18.514   1.905         
 0072   537  16.544   1.256         
 0073   537  19.781   1.614         
 0074   537  15.620   1.175         
 0075   537  16.108   0.996         
 0076   537  19.680   1.388         
 0077   537  18.283   1.325         
 0078   537  19.879   1.339         
 0079   537  17.683   1.780         
 0080   537  19.615   1.294         
 0081   537  17.854   1.804         
 0082   537  18.055   1.369         
 0083   537  17.085   1.244         
 0084   537  19.403   1.459         
 0085   537  16.788   1.153         
 0086   537  17.917   1.300         
 0087   537  19.594   1.411         
 0088   537  19.269   1.735         
 0089   537  17.165   1.983         
 0090   537  17.505   1.952         
 0091   537  16.777   1.182         
 0092   537  18.387   1.362         
 0093   537  18.743   1.421         
 0094   537  17.976   1.202         
 0095   537  15.890   1.283         
 0096   537  17.861   1.182         
 0097   537  18.823   1.539         
 0098   537  18.843   1.957         
 0099   537  17.012   1.351         
 0100   537  18.557   1.332         
 0101   537  17.021   1.321         
 0102   537  16.410   1.050         
 0103   537  16.580   1.195         
 0104   537  18.141   1.334         
 0105   537  19.931   1.398         
 0106   537  19.397   1.403         
 0107   537  15.512   0.878         
 0108   537  17.733   1.682         
 0109   537  17.043   1.302         
 0110   537  17.441   1.353         
 0111   537  17.344   1.175         
 0112   537  17.338   1.247         
 0113   537  14.031   0.819         
 0114   537  19.399   1.474         
 0115   537  19.010   1.420         
 0116   537  18.571   1.403         
 0117   537  17.569   1.177         
 0118   537  17.542   1.223         
 0119   537  18.703   1.244         
 0120   537  19.163   1.541         
 0121   537  17.706   1.312         
 0122   537  17.000   1.283         
 0123   537  19.134   1.455         
 0124   537  18.288   1.314         
 0125   537  18.877   1.441         
 0126   537  18.533   1.169         
 0127   537  17.830   1.322         
 0128   537  17.037   1.960         
 0129   537  19.007   1.442         
 0130   537  18.549   2.101         
 0131   537  18.935   1.371         
 0132   537  18.936   1.490         
 0133   537  18.618   1.434         
 0134   537  18.830   1.293         
 0135   537  16.881   4.098         
 0136   537  15.945   2.132         
 0137   537  19.832   1.492         
 0138   537  15.863   1.880         
 0139   537  16.894   0.982         
 0140   537  17.807   1.521         
 0141   537  17.943   1.421         
 0142   537  17.422   1.194         
 0143   537  19.328   1.436         
 0144   537  17.107   1.360         
 0145   537  19.697   1.557         
 0146   537  19.092   1.153         
 0147   537  18.878   1.385         
 0148   537  15.415   0.861         
 0149   537  18.890   1.490         
 0150   537  15.066   0.871         
 0151   537  16.507   2.109         
 0152   537  18.227   1.098         
 0153   537  18.880   1.321         
 0154   537  16.666   1.200         
 0155   537  17.828   1.303         
 0156   537  15.751   0.945         
 0157   537  19.102   1.622         
 0158   537  17.975   1.327         
 0159   537  19.100   1.339         
 0160   537  17.767   1.399         
 0161   537  14.050   0.862         
 0162   537  18.132   1.641         
 0163   537  17.663   1.277         
 0164   537  17.187   0.907         
 0165   537  19.177   1.345         
 0166   537  14.664   0.870         
 0167   537  19.499   1.363         
 0168   537  17.691   1.290         
 0169   537  19.667   1.561         
 0170   537  15.306   0.861         
 0171   537  16.854   1.225         
 0172   537  16.624   1.119         
 0173   537  17.060   1.199         
 0174   537  17.115   1.268         
 0175   537  19.021   1.707         
 0176   537  18.008   1.776         
 0177   537  18.592   1.544         
 0178   537  17.989   1.199         
 0179   537  15.202   0.866         
 0180   537  17.350   2.537         
 0181   537  18.235   1.414         
 0182   537  14.867   1.716         
 0183   537  14.266   0.840         
 0184   537  15.232   1.234         
 0185   537  16.822   1.210         
 0186   537  19.105   1.323         
 0187   537  15.297   1.216         
 0188   537  15.778   1.132         
 0189   537  19.534   1.441         
 0190   537  19.905   1.696         
 0191   537  16.657   1.108         
 0192   537  19.392   1.292         
 0193   537  19.402   1.409         
 0194   537  16.654   1.065         
 0195   537  14.717   0.840         
 0196   537  18.929   1.551         
 0197   537  19.461   1.452         
 0198   537  18.641   1.700         
 0199   537  19.747   1.385         
 0200   537  18.958   1.351         
 0201   537  19.064   1.600         
 0202   537  17.846   1.310         
 0203   537  15.560   1.192         
 0204   537  18.098   1.363         
 0205   537  16.683   0.938         
 0206   537  18.902   1.507         
 0207   537  14.804   0.854         
 0208   537  14.602   1.051         
 0209   537  18.396   1.323         
 0210   537  18.926   1.557         
 0211   537  18.803   2.039         
 0212   537  15.562   0.979         
 0213   537  18.718   1.426         
 0214   537  19.096   1.348         
 0215   537  16.982   1.153         
 0216   537  16.391   1.205         
 0217   537  17.536   1.238         
 0218   537  19.114   1.375         
 0219   537  19.408   1.698         
 0220   537  15.954   2.098         
 0221   537  17.146   1.259         
 0222   537  18.990   1.474         
 0223   537  18.243   1.229         
 0224   537  15.399   1.107         
 0225   537  19.729   1.567         
 0226   537  17.622   1.330         
 0227   537  17.408   2.000         
 0228   537  18.917   1.692         
 0229   537  17.085   1.212         
 0230   537  16.104   1.125         
 0231   537  18.517   1.527         
 0232   537  18.504   1.567         
 0233   537  19.202   1.523         
 0234   537  17.572   1.545         
 0235   537  19.550   1.406         
 0236   537  13.717   1.999         
 0237   537  18.952   1.896         
 0238   537  18.651   1.481         
 0239   537  17.816   1.490         
 0240   537  16.585   1.094         
 0241   537  19.142   1.456         
 0242   537  16.371   1.138         
 0243   537  15.434   0.907         
 0244   537  19.322   1.484         
 0245   537  19.507   1.444         
 0246   537  17.086   1.345         
 0247   537  19.391   1.929         
 0248   537  18.654   1.583         
 0249   537  18.238   1.499         
 0250   537  18.755   1.383         
 0251   537  18.251   1.352         
 0252   537  18.037   1.243         
 0253   537  19.208   1.441         
 0254   537  14.625   1.423         
 0255   537  15.719   1.276         
 0256   537  19.287   1.591         
 0257   537  19.534   1.190         
 0258   537  18.266   1.365         
 0259   537  17.186   1.351         
 0260   537  18.649   1.462         
 0261   537  17.577   2.053         
 0262   537  19.144   1.398         
 0263   537  19.546   1.080         
 0264   537  19.257   1.443         
 0265   537  19.499   1.501         
 0266   537  19.406   1.457         
 0267   537  19.181   1.504         
 0268   537  16.772   1.168         
 0269   537  16.593   0.988         
 0270   537  18.449   1.384         
 0271   537  15.637   0.922         
 0272   537  18.872   1.356         
 0273   537  16.487   1.216         
 0274   537  15.844   1.119         
 0275   537  18.780   1.411         
 0276   537  19.289   1.561         
 0277   537  17.962   1.234         
 0278   537  17.316   1.303         
 0279   537  14.321   0.839         
 0280   537  16.791   1.289         
 0281   537  19.652   1.531         
 0282   537  19.418   1.731         
 0283   537  18.702   1.374         
 0284   537  16.282   1.178         
 0285   537  17.368   1.532         
 0286   537  19.768   1.403         
 0287   537  19.070   1.444         
 0288   537  16.561   1.105         
 0289   537  18.514   1.336         
 0290   537  18.072   1.271         
 0291   537  16.984   1.571         
 0292   537  18.538   1.439         
 0293   537  18.220   1.395         
 0294   537  17.982   1.403         
 0295   537  15.130   0.839         
 0296   537  15.634   1.136         
 0297   537  18.663   1.455         
 0298   537  16.785   1.446         
 0299   537  11.865   0.688         
 0300   537  11.520   0.629         
 0301   537  12.328   0.623         
 0302   537  12.815   0.840         
 0303   537  11.881   2.247         


