No    Ref    V       B-V     U-B

 0128   121  13.870   0.570         
 0132   121  14.090   0.510         
 0139   121  11.550   0.510         
 0160   121  13.660   0.010         
 0161   121  11.940   0.420         
 0162   121  10.910   0.250         
 0164   121  11.700   0.440         
 0165   121  12.880  -0.110         
 0171   121  13.490   0.570         
 0174   121  10.460   0.180         
 0177   121  12.300   0.500         
 0179   121  10.300   0.160         
 0187   121  12.160   0.660         
 0188   121  10.150   0.180         
 0194   121  13.350   0.640         
 0196   121  13.690   0.660         
 0197   121  10.620   0.330         
 0201   121  12.320   0.560         
 0202   121  13.920   0.750         
 0204   121  12.210   0.600         
 0207   121  12.950   0.590         
 0208   121  11.820   0.560         
 0212   121  14.210   0.590         
 0213   121  12.830   0.620         
 0218   121  14.000   0.790         
 0219   121  13.610   0.680         
 0221   121  10.430   0.240         
 0222   121  11.260   1.000         
 0223   121  13.080   0.650         
 0226   121  10.500   0.120         
 0229   121  13.470   0.730         
 0234   121  12.550   0.520         
 0235   121  13.210   0.740         
 0238   121  11.270   0.290         
 0240   121  13.070   0.600         
 0241   121  12.250   0.590         
 0242   121  12.880   0.570         
 0243   121  12.730   0.450         
 0247   121  14.400   0.840         
 0250   121  11.450   0.330         
 0252   121  13.300   0.990         
 0253   121  12.180   0.480         
 0257   121  13.720   0.740         
 0258   121  11.120   0.970         
 0259   121  12.340   0.460         
 0265   121  12.600   0.600         
 0267   121  11.920   0.440         
 0269   121  11.440   0.320         
 0270   121  13.180   0.700         
 0271   121  12.800   0.750         
 0276   121  11.400   0.740         
 0278   121  11.850   0.190         
 0281   121  12.440   0.560         
 0284   121  10.770   0.200         
 0285   121  12.560   0.410         
 0286   121  13.670   0.850         
 0287   121  12.410   0.520         
 0289   121  13.110   0.600         
 0291   121  13.110   0.790         
 0293   121  13.480   0.800         
 0294   121  11.230   0.260         
 0299   121  12.110   0.480         
 0300   121  13.020   0.640         
 0301   121  10.020   0.080         
 0306   121  11.030   0.380         
 0313   121  13.180   0.690         
 0315   121  11.440   0.340         
 0320   121  12.490   0.610         
 0322   121  13.720   0.730         
 0324   121  13.760   0.530         
 0325   121  11.640   0.440         
 0326   121  13.800   0.790         
 0335   121  13.060   0.890         
 0336   121  13.960   0.550         
 0338   121  12.890   0.590         
 0340   121  12.340   0.520         
 0346   121  10.630   0.200         
 0350   121  13.620   0.510         
 0351   121  11.450   0.340         
 0352   121  12.350   0.620         
 0358   121  10.420   0.140         
 0360   121  12.330   0.500         
 0362   121  11.450   0.360         
 0365   121  13.030   0.660         
 0366   121  11.950   0.580         
 0367   121  12.840   0.570         
 0368   121  12.830   0.530         
 0370   121  10.280   0.100         
 0373   121  11.330   0.330         
 0375   121  12.250   0.530         
 0377   121  12.780   0.580         
 0380   121  10.570   0.140         
 0382   121  11.230   0.330         
 0383   121  12.900   0.690         
 0384   121  11.750   0.440         
 0389   121  13.280   0.630         
 0390   121  13.340   0.740         
 0394   121  13.090   0.620         
 0397   121  13.500   0.760         
 0400   121  13.920   0.540         
 0405   121  11.870   0.500         
 0406   121  12.910   0.580         
 0411   121  13.210   0.630         
 0430   121  10.570   0.520         
 0436   121  12.570   0.560         
 0439   121  13.190   0.640         
 0441   121  13.180   0.270         
 0455   121  13.570   0.760         
 0460   121  13.990   0.800         
 0534   121  14.110   0.750         
 0535   121  14.160   0.590         
 2002   121  15.790   0.530         
 2012   121  15.610   0.660         
 2014   121  15.160   1.000         
 2015   121  15.810   0.850         
 2018   121  15.660   1.100         
 2036   121  15.860   0.450         
 2037   121  15.610   0.430         
 2038   121  16.210   0.770         
 2040   121  15.970   0.660         
 2041   121  15.020   0.770         
 2042   121  15.100   1.020         
 2044   121  14.960   0.710         
 2045   121  15.390   0.790         
 2046   121  15.180   0.580         
 2047   121  16.240   0.210         
 2048   121  15.540   0.420         
 2052   121  16.080   0.340         
 2055   121  16.510   0.690         
 2058   121  15.770   0.480         
 2060   121  16.560   0.620         
 2061   121  16.070   0.630         
 2062   121  14.710   0.520         
 2063   121  16.010   0.950         
 2064   121  16.250   0.440         
 2066   121  14.450   0.620         
 2071   121  15.830   0.870         
 2072   121  14.430   0.480         
 2075   121  15.540   0.660         
 2078   121  14.870   0.470         
 2080   121  15.520   0.550         
 2083   121  15.990   0.340         
 2085   121  15.080   0.800         
 2086   121  16.180   0.610         
 2088   121  14.600   1.070         
 2091   121  15.300   0.490         
 2092   121  15.800   0.810         
 2094   121  15.500   0.830         
 2095   121  15.930   0.540         
 2096   121  16.560   0.560         
 2102   121  15.480   0.490         
 2104   121  16.040   0.510         
 2105   121  15.160   0.980         
 2111   121  15.830   0.510         
 2113   121  14.860   0.880         
 2116   121  14.870   0.970         
 2117   121  14.590   1.410         
 2118   121  14.320   0.540         
 2119   121  16.070   0.580         
 2123   121  14.310   0.930         
 2125   121  15.580   0.520         
 2126   121  14.220   1.140         
 2130   121  15.400   0.900         
 2134   121  14.880   0.980         
 2135   121  15.610   0.550         
 2136   121  14.660   0.570         
 2139   121  15.590   0.830         
 2142   121  16.130   0.580         
 2143   121  14.200   0.560         
 2144   121  16.060   0.740         
 2145   121  15.840   0.970         
 2151   121  14.720   0.710         
 2152   121  16.250   0.910         
 2154   121  15.920   1.310         
 2157   121  15.950   1.390         
 2158   121  14.590   0.840         
 2159   121  14.070   0.910         
 2160   121  14.810   0.520         
 2161   121  14.990   0.540         
 2167   121  14.530   0.870         
 2168   121  15.920   0.850         
 2169   121  14.510   0.670         
 2170   121  15.120   0.920         
 2171   121  13.990   0.790         
 2172   121  15.710   1.150         
 2175   121  16.000   0.680         
 2178   121  14.840   0.670         
 2180   121  14.650   0.510         
 2187   121  15.620   0.690         
 2188   121  14.600   0.880         
 2189   121  15.150   0.590         
 2193   121  15.100   0.720         
 2194   121  15.640   1.270         
 2196   121  15.480   0.980         
 2197   121  15.710   0.980         
 2199   121  14.510   0.910         
 2202   121  16.100   0.470         
 2203   121  16.040   0.620         
 2205   121  13.810   1.130         
 2207   121  15.180   0.830         
 2214   121  15.930   0.670         
 2218   121  16.310   1.080         
 2220   121  15.610   0.860         
 2221   121  15.680   0.650         
 2226   121  15.730   0.680         
 2227   121  14.440   0.830         
 2229   121  16.120   1.370         
 2232   121  16.000   0.620         
 2234   121  16.410   0.910         
 2235   121  14.380   1.030         
 2237   121  15.920   0.870         
 2239   121  14.450   0.550         
 2240   121  14.510   0.580         
 2241   121  14.950   0.850         
 2242   121  15.860   0.640         
 2243   121  16.510   1.000         
 2244   121  14.370   0.880         
 2245   121  15.120   0.550         
 2247   121  14.390   0.520         
 2252   121  15.130   0.850         
 2253   121  16.270   1.360         
 2254   121  14.990   1.060         
 2258   121  14.360   0.830         
 2261   121  16.190   0.660         
 2262   121  16.020   0.780         
 2263   121  15.330   0.630         
 2264   121  16.260   0.680         
 2265   121  15.430   1.150         
 2266   121  14.870   0.850         
 2267   121  15.030   0.810         
 2268   121  16.000   1.160         
 2273   121  15.500   0.650         
 2274   121  15.980   0.880         
 2281   121  14.480   0.540         
 2284   121  16.070   0.500         
 2288   121  14.890   1.060         
 2289   121  15.180   0.950         
 2291   121  14.030   1.250         
 2293   121  15.920   0.680         
 2298   121  14.510   1.010         
 2300   121  14.300   0.630         
 2308   121  15.370   0.700         
 2310   121  15.730   1.250         
 2313   121  15.960   0.560         
 2317   121  13.420   0.740         
 2318   121  14.670   0.890         
 2321   121  15.830   0.570         
 2322   121  16.230   0.870         
 2324   121  15.300   0.620         
 2327   121  14.490   0.910         
 2328   121  16.670   0.770         
 2330   121  15.640   1.050         
 2333   121  15.280   0.690         
 2335   121  13.520   0.690         
 2337   121  16.380   0.770         
 2339   121  16.210   0.840         
 2341   121  15.610   0.720         
 2342   121  14.200   0.920         
 2344   121  16.050   0.650         
 2348   121  16.250   0.460         
 2350   121  15.140   1.050         
 2351   121  16.120   0.920         
 2353   121  15.930   0.760         
 2354   121  15.460   1.100         
 2356   121  15.860   1.160         
 2358   121  15.840   0.320         
 2359   121  15.450   0.500         
 2360   121  15.740   0.640         
 2365   121  15.620   0.860         
 2367   121  15.710   0.710         
 2369   121  15.110   0.670         
 2371   121  15.230   1.020         
 2372   121  15.950   0.550         
 2377   121  14.130   0.940         
 2378   121  15.080   0.510         
 2380   121  14.580   0.850         
 2381   121  16.290   0.690         
 2383   121  13.950   1.080         
 2386   121  15.640   0.610         
 2388   121  16.050   0.600         
 2389   121  15.690   0.560         
 2390   121  15.130   0.800         
 2392   121  15.490   1.010         
 2397   121  14.740   0.900         
 2398   121  14.830   0.780         
 2403   121  15.920   0.890         
 2405   121  16.090   0.720         
 2406   121  15.930   0.620         
 2407   121  15.960   1.190         
 2411   121  15.010   0.480         
 2412   121  14.880   0.690         
 2415   121  14.120   0.780         
 2418   121  16.110   0.570         
 2419   121  15.910   0.650         
 2421   121  14.880   0.720         
 2422   121  15.340   1.120         
 2423   121  15.280   0.910         
 2424   121  15.930   1.080         
 2425   121  15.020   1.080         
 2426   121  16.280   0.730         
 2428   121  15.910   0.670         
 2431   121  15.910   0.140         
 2436   121  15.880   0.790         
 2438   121  14.630   0.490         
 2440   121  15.440   0.710         
 2442   121  15.340   0.680         
 2443   121  15.930   0.760         
 2445   121  15.160   0.580         
 2448   121  14.630   0.570         
 2449   121  15.500   0.600         
 2455   121  15.290   0.550         
 2458   121  15.730   1.090         
 2459   121  15.980   0.730         
 2461   121  15.420   0.820         
 2464   121  15.510   0.650         
 2467   121  15.100   0.420         
 2469   121  15.700   1.370         
 2470   121  14.480   0.820         
 2471   121  14.320   0.440         
 2472   121  14.200   0.590         
 2473   121  15.280   0.640         
 2475   121  16.190   1.120         
 2478   121  16.100   0.510         
 2479   121  15.360   0.780         
 2482   121  15.360   1.110         
 2485   121  15.910   0.790         
 2487   121  15.020   0.900         
 2489   121  15.000   0.950         
 2494   121  15.460   0.700         
 2495   121  16.530   0.900         
 2496   121  14.560   0.930         
 2497   121  16.460   0.820         
 2501   121  15.670   0.710         
 2505   121  14.760   0.620         
 2509   121  15.080   0.950         
 2510   121  16.230   1.060         
 2511   121  11.690   0.360         
 2513   121  14.470   0.960         
 2514   121  16.160   0.750         
 2516   121  15.980   1.060         
 2522   121  14.400   0.890         
 2524   121  14.850   0.940         
 2530   121  16.220   0.960         
 2536   121  15.670   1.000         
 2538   121  15.490   0.640         
 2539   121  15.690   1.090         
 2540   121  15.410   0.610         
 2541   121  15.220   0.640         
 2547   121  16.390   0.830         
 2549   121  15.220   0.980         
 2551   121  15.630   0.600         
 2558   121  15.520   0.480         
 2559   121  14.130   0.590         
 2560   121  15.820   1.230         
 2562   121  15.010   0.750         
 2563   121  15.620   1.030         
 2567   121  15.150   1.020         
 2568   121  14.980   0.600         
 2570   121  14.740   0.950         
 2589   121  14.680   1.010         
 2590   121  14.140   0.770         
 2592   121  14.850   0.820         
 2594   121  13.870   0.780         
 2601   121  14.030   1.120         
 2607   121  15.570   0.650         
 2608   121  16.200   0.830         
 2612   121  14.880   0.930         
 2617   121  15.600   0.960         
 2619   121  14.910   0.960         
